A:
[[ 20000. -10000.     -0. ...     -0.     -0.     -0.]
 [-10000.  20000. -10000. ...     -0.     -0.     -0.]
 [    -0. -10000.  20000. ...     -0.     -0.     -0.]
 ...
 [    -0.     -0.     -0. ...  20000. -10000.     -0.]
 [    -0.     -0.     -0. ... -10000.  20000. -10000.]
 [    -0.     -0.     -0. ...     -0. -10000.  20000.]]

F:
[1, 1, 1, 1, 1, 1, 1, 1, 1, 1, 1, 1, 1, 1, 1, 1, 1, 1, 1, 1, 1, 1, 1, 1, 1, 1, 1, 1, 1, 1, 1, 1, 1, 1, 1, 1, 1, 1, 1, 1, 1, 1, 1, 1, 1, 1, 1, 1, 1, 1, 1, 1, 1, 1, 1, 1, 1, 1, 1, 1, 1, 1, 1, 1, 1, 1, 1, 1, 1, 1, 1, 1, 1, 1, 1, 1, 1, 1, 1, 1, 1, 1, 1, 1, 1, 1, 1, 1, 1, 1, 1, 1, 1, 1, 1, 1, 1, 1, 1, 1]

U:
[0.005  0.0099 0.0147 0.0194 0.024  0.0285 0.0329 0.0372 0.0414 0.0455
 0.0495 0.0534 0.0572 0.0609 0.0645 0.068  0.0714 0.0747 0.0779 0.081
 0.084  0.0869 0.0897 0.0924 0.095  0.0975 0.0999 0.1022 0.1044 0.1065
 0.1085 0.1104 0.1122 0.1139 0.1155 0.117  0.1184 0.1197 0.1209 0.122
 0.123  0.1239 0.1247 0.1254 0.126  0.1265 0.1269 0.1272 0.1274 0.1275
 0.1275 0.1274 0.1272 0.1269 0.1265 0.126  0.1254 0.1247 0.1239 0.123
 0.122  0.1209 0.1197 0.1184 0.117  0.1155 0.1139 0.1122 0.1104 0.1085
 0.1065 0.1044 0.1022 0.0999 0.0975 0.095  0.0924 0.0897 0.0869 0.084
 0.081  0.0779 0.0747 0.0714 0.068  0.0645 0.0609 0.0572 0.0534 0.0495
 0.0455 0.0414 0.0372 0.0329 0.0285 0.024  0.0194 0.0147 0.0099 0.005 ]

F:
[-1.0, -1.0, -1.0, -1.0, -1.0, -1.0, -1.0, -1.0, -1.0, -1.0, -1.0, -1.0, -1.0, -1.0, -1.0, -1.0, -1.0, -1.0, -1.0, -1.0, -1.0, -1.0, -1.0, -1.0, -1.0, -1.0, -1.0, -1.0, -1.0, -1.0, -1.0, -1.0, -1.0, -1.0, -1.0, -1.0, -1.0, -1.0, -1.0, -1.0, -1.0, -1.0, -1.0, -1.0, -1.0, -1.0, -1.0, -1.0, -1.0, -1.0, 1.0, 1.0, 1.0, 1.0, 1.0, 1.0, 1.0, 1.0, 1.0, 1.0, 1.0, 1.0, 1.0, 1.0, 1.0, 1.0, 1.0, 1.0, 1.0, 1.0, 1.0, 1.0, 1.0, 1.0, 1.0, 1.0, 1.0, 1.0, 1.0, 1.0, 1.0, 1.0, 1.0, 1.0, 1.0, 1.0, 1.0, 1.0, 1.0, 1.0, 1.0, 1.0, 1.0, 1.0, 1.0, 1.0, 1.0, 1.0, 1.0, 1.0]
U:
[-0.00247525 -0.0048505  -0.00712574 -0.00930099 -0.01137624 -0.01335149
 -0.01522673 -0.01700198 -0.01867723 -0.02025248 -0.02172772 -0.02310297
 -0.02437822 -0.02555347 -0.02662871 -0.02760396 -0.02847921 -0.02925446
 -0.0299297  -0.03050495 -0.0309802  -0.03135545 -0.03163069 -0.03180594
 -0.03188119 -0.03185644 -0.03173168 -0.03150693 -0.03118218 -0.03075743
 -0.03023267 -0.02960792 -0.02888317 -0.02805842 -0.02713366 -0.02610891
 -0.02498416 -0.02375941 -0.02243465 -0.0210099  -0.01948515 -0.0178604
 -0.01613564 -0.01431089 -0.01238614 -0.01036139 -0.00823663 -0.00601188
 -0.00368713 -0.00126238  0.00126238  0.00368713  0.00601188  0.00823663
  0.01036139  0.01238614  0.01431089  0.01613564  0.0178604   0.01948515
  0.0210099   0.02243465  0.02375941  0.02498416  0.02610891  0.02713366
  0.02805842  0.02888317  0.02960792  0.03023267  0.03075743  0.03118218
  0.03150693  0.03173168  0.03185644  0.03188119  0.03180594  0.03163069
  0.03135545  0.0309802   0.03050495  0.0299297   0.02925446  0.02847921
  0.02760396  0.02662871  0.02555347  0.02437822  0.02310297  0.02172772
  0.02025248  0.01867723  0.01700198  0.01522673  0.01335149  0.01137624
  0.00930099  0.00712574  0.0048505   0.00247525]